5
11
1
15
57
17
145
3
35
27
21
29
41
23
33
55
1417
1893
45
47
1621
153
77
1477
193
157
1261
221
1173
83
1617
75
97
177
973
85
103
117
113
95
721
189
1545
513
1217
147
1773
119
693
135
1233
155
213
125
537
231
137
585
1725
141
1093
363
1241
1225
913
171
253
173
493
477
159
533
501
1873
453
1881
181
217
1157
239
705
245
409
1993
225
1945
573
385
1553
209
237
229
365
361
357
1981
1345
345
257
1353
733
333
613
1145
251
1125
1777
313
311
341
553
255
661
297
1593
291
293
327
857
283
1201
277
785
273
271
821
267
265
1537
261
523
347
1441
777
323
421
1557
413
1197
761
861
425
437
717
389
463
321
369
1757
1401
631
855
665
509
1089
525
1573
487
641
423
489
377
903
411
617
407
1813
801
729
1237
417
765
695
1141
969
383
471
817
1789
375
1903
1453
1081
1581
837
1941
441
957
1445
1729
101
1761
771
581
521
601
1387
515
1989
951
921
605
1161
1733
829
823
491
885
593
685
843
1961
831
287
789
467
1901
653
461
1745
2001
1293
1185
531
1317
1965
1361
591
1273
833
1021
587
81
623
1047
905
445
993
161
567
1743
1521
1677
551
689
737
597
543
1285
1113
465
535
1473
63
1857
1525
1271
1753
909
1337
753
1309
1223
1957
955
607
1245
803
1613
629
1083
1067
1073
1095
1969
775
305
183
1137
669
1373
719
1367
741
589
1913
825
707
985
1369
1431
1167
1175
683
1769
1443
1437
893
897
671
687
1207
875
895
1341
759
329
1009
1029
1817
1243
647
1251
941
1041
603
497
391
1165
977
73
1263
1037
701
675
1821
1277
815
713
757
1985
995
917
1741
1559
1335
1807
1311
1569
1325
1737
797
485
783
965
191
93
927
2043
1327
863
1281
1815
1227
851
635
1597
447
353
853
1785
71
1033
1827
1631
1463
1467
1057
827
1035
953
1069
529
989
1313
845
869
809
1515
1497
1837
1915
1531
1023
1181
1543
1513
731
645
1107
1461
1203
301
215
129
945
2031
1193
1953
839
1603
937
1435
1211
971
1147
1005
1947
561
479
397
315
233
1475
69
1101
1111
1509
1675
959
2025
1687
1657
1645
1927
1135
1585
1283
1013
1433
481
935
325
1091
1169
1307
1481
1751
1755
1809
1911
987
1795
911
2019
1783
1787
1063
873
1109
725
651
577
503
1577
1405
281
207
1257
1479
2015
1007
1851
1043
1269
1397
1895
1247
1205
1127
2041
1061
1031
1933
1329
1103
1589
639
569
1321
429
359
1469
1429
1925
1133
9
1951
1955
1189
1963
1421
1155
1291
1653
1065
1987
1991
1995
1359
2005
1505
901
2023
769
2017
637
2035
505
1121
1605
1501
1253
1541
109
1547
1503
1265
1383
1279
755
1151
627
563
2009
435
1711
1485
1471
1695
1415
1215
1053
991
929
867
805
743
681
1177
557
495
433
1983
309
1921
185
123
61
1489
1707
1635
1625
1661
2047
1389
679
1239
1929
1365
1529
1705
319
1409
1355
1905
1641
1633
1097
1739
981
2037
865
807
1333
1923
633
2007
517
1681
401
343
285
227
169
111
53
1371
1797
2027
1575
947
891
1917
1665
723
1805
1287
555
1723
443
387
1607
275
1803
1413
107
1791
1565
1829
1105
1835
997
1841
889
1385
781
1853
673
1673
1717
1865
1601
1295
1349
1877
1781
1883
1997
1623
25
1235
1183
1131
1079
1377
975
1551
1845
1801
767
715
663
1455
559
1767
455
1403
1713
1351
1611
195
143
91
39
1639
1249
1199
1149
1909
1049
999
1949
1659
1749
1849
1449
1669
649
599
549
1399
449
399
349
1689
249
199
149
1899
49
1487
1315
1727
1643
1567
1831
1075
1027
1439
931
883
1511
787
1667
1855
1967
595
1863
1599
451
1871
1775
1535
1691
211
1615
1887
67
1703
1393
1347
1301
1563
1209
1163
1117
1071
1025
1655
933
2021
841
795
749
1517
657
611
565
519
1977
427
381
335
1709
243
197
1885
105
1701
1793
1451
1407
2045
1319
1275
1825
1935
1143
1649
1055
1011
967
923
879
1583
791
747
703
1671
615
571
527
483
1869
395
351
307
263
1693
175
131
87
1891
1549
1507
1465
1423
1721
1637
1297
1931
1213
1171
1129
1897
1045
1003
961
919
877
1847
793
751
709
667
625
1763
1973
1679
457
415
373
2013
289
247
205
163
121
1889
37
2029
1579
1539
1499
1919
1719
1379
1819
1299
1259
1219
1179
1139
1099
1059
1019
1839
939
899
859
819
1959
739
699
1759
1859
579
539
499
459
419
379
339
299
1879
219
179
139
1999
59
19
1685
1647
1609
1571
1533
1495
1457
1419
1381
1343
1305
1823
1229
1191
1937
1115
1077
1039
1001
963
925
887
849
811
773
735
697
659
621
1861
545
1975
469
431
393
355
317
279
241
203
165
127
89
51
13
1771
1735
1699
2011
1627
1591
2033
1519
1483
1447
1411
1375
1339
1303
1267
1231
1195
1159
1123
1087
1943
1015
979
943
907
871
835
799
763
727
691
655
619
583
547
511
475
1979
403
367
331
295
259
223
187
151
115
79
43
7
1867
1833
1799
1765
1731
1697
1663
1629
1595
1561
1527
1493
2039
1425
1391
1357
1323
1289
1255
1221
1187
1153
1119
1085
1051
1017
983
949
915
881
847
813
779
745
711
677
643
609
575
541
507
473
439
405
371
337
303
269
235
201
167
133
99
65
31
2003
1971
1939
1907
1875
1843
1811
1779
1747
1715
1683
1651
1619
1587
1555
1523
1491
1459
1427
1395
1363
1331
